Godot Engine v4.6.stable.official.89cea1439 - https://godotengine.org

Hybrid scene ready: Temple circuit — isolated four-minute run
Temple monument: 109998 checks, 0 failures; bounds=[P: (24.124, 0.0, -8.1), S: (7.752003, 6.558, 10.5006)]; reachable=13948; rays=83688; blocked=2138; baseline_blocked=2192; regressions=0
PROJECTION (1280, 720) arrival rear_doorway=[(1044.748, -66.85751), (1145.723, -8.939137), (1044.748, -267.3831), (1145.723, -209.4647)] visible_corners=0
PROJECTION (1280, 720) arrival entrance4_apron2=[(987.8625, 118.1595), (1038.774, 147.3621), (987.8625, 11.34358), (1038.774, 40.54614), (884.3761, 58.76141), (1142.329, 206.7212)]
PROJECTION (1280, 720) sanctuary rear_doorway=[(795.8464, 75.91068), (896.8211, 133.829), (795.8464, -124.6149), (896.8211, -66.69654)] visible_corners=2
PROJECTION (1280, 720) sanctuary entrance4_apron2=[(738.9609, 260.9277), (789.8727, 290.1303), (738.9609, 154.1118), (789.8727, 183.3144), (635.4745, 201.5296), (893.4271, 349.4894)]
PROJECTION (1280, 720) boss rear_doorway=[(886.3561, 23.99493), (987.3307, 81.91329), (886.3561, -176.5306), (987.3307, -118.6123)] visible_corners=2
PROJECTION (1280, 720) boss entrance4_apron2=[(829.4707, 209.012), (880.3824, 238.2146), (829.4707, 102.1961), (880.3824, 131.3986), (725.9842, 149.6139), (983.9367, 297.5737)]
PROJECTION (1280, 720) threshold rear_doorway=[(1186.169, -50.63384), (1287.144, 7.284472), (1186.169, -251.1594), (1287.144, -193.2411)] visible_corners=0
PROJECTION (1280, 720) threshold entrance4_apron2=[(1129.284, 134.3832), (1180.196, 163.5857), (1129.284, 27.56721), (1180.196, 56.76979), (1025.797, 74.98512), (1283.75, 222.9449)]
PROJECTION (1280, 720) west-side rear_doorway=[(1208.797, 182.9869), (1309.772, 240.9053), (1208.797, -17.53864), (1309.772, 40.37971)] visible_corners=1
PROJECTION (1280, 720) west-side entrance4_apron2=[(1151.911, 368.004), (1202.823, 397.2066), (1151.911, 261.1881), (1202.823, 290.3907), (1048.425, 308.6059), (1306.378, 456.5657)]
PROJECTION (960, 540) arrival rear_doorway=[(783.561, -50.14314), (859.292, -6.704353), (783.561, -200.5373), (859.292, -157.0986)] visible_corners=0
PROJECTION (960, 540) arrival entrance4_apron2=[(740.8969, 88.61964), (779.0807, 110.5216), (740.8969, 8.507682), (779.0807, 30.4096), (663.2821, 44.07106), (856.7465, 155.0409)]
PROJECTION (960, 540) sanctuary rear_doorway=[(596.8848, 56.93301), (672.6158, 100.3718), (596.8848, -93.46119), (672.6158, -50.02241)] visible_corners=2
PROJECTION (960, 540) sanctuary entrance4_apron2=[(554.2207, 195.6958), (592.4045, 217.5977), (554.2207, 115.5838), (592.4045, 137.4858), (476.6059, 151.1472), (670.0704, 262.1171)]
PROJECTION (960, 540) boss rear_doorway=[(664.767, 17.9962), (740.498, 61.43497), (664.767, -132.398), (740.498, -88.95923)] visible_corners=2
PROJECTION (960, 540) boss entrance4_apron2=[(622.103, 156.759), (660.2867, 178.6609), (622.103, 76.64703), (660.2867, 98.54896), (544.4882, 112.2104), (737.9526, 223.1803)]
PROJECTION (960, 540) threshold rear_doorway=[(889.627, -37.97538), (965.3579, 5.463354), (889.627, -188.3696), (965.3579, -144.9309)] visible_corners=0
PROJECTION (960, 540) threshold entrance4_apron2=[(846.963, 100.7874), (885.1467, 122.6893), (846.963, 20.67541), (885.1467, 42.57734), (769.3481, 56.23884), (962.8125, 167.2087)]
PROJECTION (960, 540) west-side rear_doorway=[(906.5978, 137.2402), (982.3287, 180.679), (906.5978, -13.15398), (982.3287, 30.28478)] visible_corners=1
PROJECTION (960, 540) west-side entrance4_apron2=[(863.9336, 276.003), (902.1174, 297.9049), (863.9336, 195.8911), (902.1174, 217.793), (786.3188, 231.4545), (979.7832, 342.4243)]
